gen	nevals	avg #1 count of enemies * 100 | #2 player hp | enemy hp total * 10	std #1 count of enemies * 100 | #2 player hp | enemy hp total * 10	min #1 count of enemies * 100 | #2 player hp | enemy hp total * 10	max #1 count of enemies * 100 | #2 player hp | enemy hp total * 10
0  	300   	[9.83333667e+04 1.00000000e+00 9.83372167e+04]                    	[1.28016535e+04 8.46561673e+00 1.27720846e+04]                    	[  1.   0. 115.]                                                  	[100000.    110. 100000.]                                         
[[8, 5, 1, 0, 4, 3, 5, 2, 1, 4, 2, 2, 5, 7, 8, 1, 0, 4, 5, 4, 3, 9, 6, 7, 9, 9, 3, 1, 1, 3], [2, 5, 5, 0, 1, 5, 8, 6, 8, 0, 3, 5, 3, 1, 4, 2, 3, 9, 5, 1, 7, 0, 1, 8, 1, 0, 9, 7, 4, 9], [7, 2, 2, 2, 1, 0, 3, 6, 2, 9, 5, 2, 9, 8, 4, 0, 1, 5, 9, 1, 1, 7, 5, 7, 8, 4, 5, 2, 8, 9], [9, 7, 9, 2, 3, 3, 0, 7, 2, 9, 2, 8, 1, 8, 7, 5, 1, 1, 5, 2, 9, 7, 5, 9, 4, 3, 0, 2, 2, 3], [8, 9, 2, 1, 8, 7, 0, 2, 9, 2, 1, 1, 0, 2, 4, 2, 0, 7, 7, 9, 6, 0, 3, 3, 1, 8, 7, 7, 0, 8]]
[
(
1
,
 
7
0
,
 
1
1
5
)
,
 
(
2
,
 
4
0
,
 
2
1
0
)
,
 
(
2
,
 
4
0
,
 
2
2
0
)
,
 
(
2
,
 
4
0
,
 
3
0
0
)
,
 
(
1
0
0
0
0
0
,
 
0
,
 
1
0
0
0
0
0
)
]