gen	nevals	avg                                           	std                                           	min             	max                      
0  	300   	[9.86666900e+04 1.06666667e+00 9.86701500e+04]	[1.14695663e+04 1.03051228e+01 1.14398050e+04]	[  1.   0. 175.]	[100000.    130. 100000.]
1  	192   	[8.80002000e+04 1.05333333e+01 8.80292667e+04]	[3.24956120e+04 3.21721757e+01 3.24169071e+04]	[  1.   0. 175.]	[100000.    130. 100000.]
2  	164   	[32667.68333333    68.4        32819.98333333]	[46898.71143251    57.38269193 46792.66267714]	[  1.   0. 115.]	[100000.    130. 100000.]
3  	192   	[7000.94        120.4        7162.96666667]   	[25514.44375401    33.61309269 25469.99207628]	[  1.   0. 115.]	[100000.    130. 100000.]
[[3, 2, 7, 5, 0, 1, 1, 7, 6, 8, 0, 0, 5, 6, 9, 8, 6, 1, 9, 6, 7, 7, 0, 9, 8, 5, 0, 8, 6, 8], [3, 2, 7, 5, 0, 1, 1, 7, 6, 8, 0, 0, 5, 6, 9, 8, 9, 1, 9, 6, 7, 7, 0, 9, 8, 5, 0, 8, 6, 0], [3, 2, 7, 5, 0, 1, 1, 7, 6, 8, 0, 0, 5, 6, 9, 8, 6, 1, 9, 6, 7, 7, 0, 9, 8, 5, 1, 8, 6, 0], [3, 2, 7, 5, 0, 1, 1, 7, 6, 8, 0, 0, 5, 6, 9, 8, 6, 1, 9, 6, 3, 0, 9, 6, 5, 5, 1, 2, 1, 0], [3, 2, 7, 5, 0, 1, 1, 7, 6, 8, 0, 0, 5, 6, 9, 8, 6, 1, 7, 7, 6, 0, 0, 7, 3, 8, 8, 0, 2, 3], [3, 2, 7, 5, 0, 1, 1, 7, 6, 8, 0, 0, 5, 6, 9, 8, 6, 1, 3, 6, 7, 7, 0, 9, 8, 5, 0, 8, 6, 0], [3, 2, 7, 5, 0, 1, 1, 7, 6, 8, 0, 0, 5, 6, 9, 8, 6, 1, 9, 6, 7, 7, 0, 9, 8, 8, 8, 0, 6, 0], [3, 2, 7, 5, 0, 1, 1, 7, 6, 8, 0, 0, 5, 6, 9, 8, 6, 1, 9, 6, 7, 7, 0, 9, 8, 8, 0, 8, 6, 0], [3, 2, 7, 5, 0, 1, 1, 7, 6, 8, 0, 0, 5, 6, 9, 8, 6, 1, 9, 6, 7, 2, 9, 1, 1, 9, 5, 7, 1, 8], [3, 2, 7, 5, 0, 1, 1, 7, 6, 8, 0, 0, 5, 6, 9, 8, 6, 1, 9, 6, 7, 7, 0, 9, 8, 5, 0, 8, 6, 0]]
[
(
1
,
 
1
3
0
,
 
1
7
5
)
,
 
(
1
,
 
1
3
0
,
 
1
7
5
)
,
 
(
1
,
 
1
3
0
,
 
1
7
5
)
,
 
(
1
,
 
1
3
0
,
 
1
7
5
)
,
 
(
1
,
 
1
3
0
,
 
1
7
5
)
,
 
(
1
,
 
1
3
0
,
 
1
7
5
)
,
 
(
1
,
 
1
3
0
,
 
1
7
5
)
,
 
(
1
,
 
1
3
0
,
 
1
7
5
)
,
 
(
1
,
 
1
3
0
,
 
1
7
5
)
,
 
(
1
,
 
1
3
0
,
 
1
7
5
)
]