gen	nevals	avg #1 count of enemies * 100 | #2 player hp | enemy hp total * 10	std #1 count of enemies * 100 | #2 player hp | enemy hp total * 10	min #1 count of enemies * 100 | #2 player hp | enemy hp total * 10	max #1 count of enemies * 100 | #2 player hp | enemy hp total * 10
0  	300   	[9.86666667e+08 7.66666667e-01 9.86666667e+09]                    	[1.14697670e+08 7.46629463e+00 1.14697667e+09]                    	[  2.   0. 220.]                                                  	[1.0e+09 1.1e+02 1.0e+10]                                         
1  	180   	[8.66666667e+08 6.96666667e+00 8.66666670e+09]                    	[3.39934634e+08 2.02434900e+01 3.39934625e+09]                    	[  2.   0. 220.]                                                  	[1.0e+09 1.1e+02 1.0e+10]                                         
2  	175   	[3.26666668e+08 3.61666667e+01 3.26666684e+09]                    	[4.68994195e+08 3.41219219e+01 4.68994184e+09]                    	[  2.   0. 210.]                                                  	[1.0e+09 1.1e+02 1.0e+10]                                         
3  	186   	[9.33333352e+07 6.12333333e+01 9.33333568e+08]                    	[2.90898989e+08 3.80282205e+01 2.90898982e+09]                    	[  2.   0. 210.]                                                  	[1.0e+09 1.1e+02 1.0e+10]                                         
4  	169   	[9.00000018e+07 6.76666667e+01 9.00000237e+08]                    	[2.86181760e+08 3.95881576e+01 2.86181753e+09]                    	[  2.   0. 250.]                                                  	[1.0e+09 1.1e+02 1.0e+10]                                         
5  	175   	[5.66666686e+07 6.76000000e+01 5.66666913e+08]                    	[2.31204575e+08 3.76772257e+01 2.31204569e+09]                    	[  2.   0. 260.]                                                  	[1.0e+09 1.1e+02 1.0e+10]                                         
6  	188   	[7.00000019e+07 6.35666667e+01 7.00000242e+08]                    	[2.55147016e+08 3.74470144e+01 2.55147010e+09]                    	[  2.   0. 260.]                                                  	[1.0e+09 1.1e+02 1.0e+10]                                         
7  	181   	[6.33333352e+07 6.59333333e+01 6.33333578e+08]                    	[2.43561536e+08 3.77022840e+01 2.43561530e+09]                    	[  2.   0. 260.]                                                  	[1.0e+09 1.1e+02 1.0e+10]                                         
8  	184   	[7.33333352e+07 6.43666667e+01 7.33333575e+08]                    	[2.60682863e+08 3.78760992e+01 2.60682857e+09]                    	[  2.   0. 260.]                                                  	[1.0e+09 1.1e+02 1.0e+10]                                         
9  	194   	[8.00000018e+07 6.15333333e+01 8.00000239e+08]                    	[2.71293199e+08 3.73583845e+01 2.71293192e+09]                    	[  2.   0. 260.]                                                  	[1.0e+09 1.1e+02 1.0e+10]                                         
10 	166   	[5.33333352e+07 6.93666667e+01 5.33333580e+08]                    	[2.24697327e+08 3.77879904e+01 2.24697321e+09]                    	[  2.   0. 260.]                                                  	[1.0e+09 1.1e+02 1.0e+10]                                         
11 	177   	[7.00000019e+07 6.63666667e+01 7.00000243e+08]                    	[2.55147016e+08 3.81898619e+01 2.55147010e+09]                    	[  2.   0. 260.]                                                  	[1.0e+09 1.1e+02 1.0e+10]                                         
12 	172   	[5.33333352e+07 6.79666667e+01 5.33333580e+08]                    	[2.24697327e+08 3.75526149e+01 2.24697321e+09]                    	[  2.   0. 260.]                                                  	[1.0e+09 1.1e+02 1.0e+10]                                         
13 	190   	[4.66666686e+07 6.42666667e+01 4.66666916e+08]                    	[2.10923893e+08 3.62647058e+01 2.10923888e+09]                    	[  2.   0. 260.]                                                  	[1.0e+09 1.1e+02 1.0e+10]                                         
14 	161   	[5.66666686e+07 7.04000000e+01 5.66666912e+08]                    	[2.31204575e+08 3.81205107e+01 2.31204569e+09]                    	[  2.   0. 260.]                                                  	[1.0e+09 1.1e+02 1.0e+10]                                         
15 	189   	[6.66666685e+07 6.37000000e+01 6.66666911e+08]                    	[2.49443825e+08 3.72913305e+01 2.49443819e+09]                    	[  2.   0. 260.]                                                  	[1.0e+09 1.1e+02 1.0e+10]                                         
[[8, 3, 7, 7, 1, 8, 5, 5, 6, 9, 2, 1, 3, 5, 5, 1, 8, 1, 8, 4, 8, 5, 9, 1, 0, 2, 7, 3, 9, 9], [8, 3, 1, 0, 3, 8, 4, 9, 0, 3, 1, 9, 1, 7, 9, 1, 8, 1, 8, 4, 8, 5, 9, 1, 0, 2, 7, 9, 9, 9], [1, 7, 1, 0, 3, 8, 4, 9, 0, 3, 1, 9, 1, 7, 9, 1, 8, 1, 8, 4, 8, 5, 9, 2, 5, 9, 1, 3, 2, 8], [1, 7, 1, 0, 3, 8, 4, 9, 0, 3, 1, 9, 1, 7, 9, 7, 8, 1, 8, 4, 8, 5, 9, 1, 0, 2, 7, 3, 9, 8], [1, 7, 1, 0, 3, 8, 4, 9, 0, 3, 1, 9, 1, 7, 9, 7, 0, 8, 6, 8, 2, 8, 8, 3, 5, 9, 1, 3, 2, 8]]
[
(
2
,
 
1
1
0
,
 
2
6
0
)
,
 
(
2
,
 
1
1
0
,
 
2
7
0
)
,
 
(
2
,
 
1
1
0
,
 
2
7
0
)
,
 
(
2
,
 
1
1
0
,
 
2
7
0
)
,
 
(
2
,
 
1
1
0
,
 
2
7
0
)
]