0 0 37 0 10 0 0
0 0 48 0 6 1 0
0 0 32 0 10 2 1
1 1 60 0 2 1 1
1 1 26 0 10 0 1
0 0 34 1 10 2 1
0 1 1 1 2 0 0
0 0 44 0 10 1 0
1 1 52 0 4 1 1
0 0 12 0 10 1 1
0 1 56 1 5 2 1
0 0 44 0 10 3 1
0 0 14 0 3 2 1
0 0 7 1 10 0 0
0 0 21 0 9 3 0
0 0 36 0 10 3 1
0 1 55 1 4 2 0
1 0 5 1 10 1 0
0 0 43 0 6 3 0
0 0 18 0 1 3 1
0 0 50 0 10 0 0
1 1 2 0 4 0 1
0 0 31 0 10 3 0
0 0 27 0 6 2 0
0 0 50 0 1 2 0
0 0 25 0 10 1 1
0 1 12 0 4 3 1
0 0 13 0 10 3 1
0 0 20 0 10 0 1
1 0 49 0 5 0 0
1 0 51 0 10 3 0
1 0 57 0 2 2 1
1 0 45 1 10 0 1
0 0 3 0 1 3 0
0 0 1 0 10 0 1
0 0 5 0 7 3 1
0 0 54 1 4 2 0
1 0 41 0 10 1 0
0 1 42 0 2 3 1
1 0 53 0 10 3 1
0 1 39 0 10 3 1
0 0 46 0 10 1 1
1 0 45 1 2 2 1
0 0 55 0 10 0 0
0 0 51 1 10 2 1
0 0 51 0 10 0 1
0 0 23 0 2 2 0
0 1 6 1 10 1 1
1 0 45 0 10 2 1
0 0 21 1 10 2 1
0 0 41 0 3 3 0
0 1 21 0 10 1 0
1 0 58 0 10 2 0
0 0 24 1 10 3 0
0 0 42 1 7 0 0
1 0 47 0 2 3 1
0 1 6 1 10 2 0
0 0 9 0 10 1 1
1 0 26 0 10 0 0
1 0 24 1 5 0 1
0 0 57 0 10 2 0
0 0 27 0 2 0 1
1 0 11 0 10 0 0
0 0 15 1 6 2 1
0 0 55 0 10 1 0
1 1 53 0 3 2 0
1 0 29 0 10 2 0
1 0 56 0 3 0 1
0 1 9 0 10 2 1
0 0 35 1 10 2 0
0 0 27 1 4 2 0
0 1 20 1 10 0 1
0 1 58 0 10 3 1
0 0 22 1 10 0 0
0 1 11 0 7 3 1
0 1 30 0 10 3 1
0 0 7 0 10 3 1
1 0 37 0 7 0 1
1 0 35 1 10 0 0
1 1 18 1 4 3 1
0 0 10 0 10 2 1
0 0 19 0 4 2 1
