#TYPE: sigmoid
#GENERATION SIZE: 60
#MAX GENERATIONS: 150
#INPUTS: 24
#MUTATION PROB: 0.01
#CROSS PROB:0.3
#CROSS_TYPE: means
#MOVES: 50
#HIDDEN LAYER SIZE: 50
0 700 81
1 1204 407
2 1204 571
3 1302 731
4 1302 654
5 1703 721
6 1703 782
7 1703 847
8 1734 920
9 1734 746
10 2700 878
11 2700 1185
12 2800 1276
13 2800 1417
14 2900 1484
15 2900 1634
16 3000 1700
17 2900 1666
18 2900 1772
19 2900 1605
20 3000 1756
21 3000 1875
22 3120 2004
23 3000 1864
24 3100 2188
25 3100 2154
26 3100 2100
27 3100 1868
28 3111 1936
29 3000 1470
30 3000 1580
31 3101 1786
32 3101 1858
33 3101 1780
34 3000 2028
35 3000 2035
36 3000 1852
37 3101 2011
38 3101 1986
39 3101 2113
40 3101 1979
41 3202 1968
42 3101 1919
43 3202 1899
44 3202 1788
45 3202 2059
46 3101 1967
47 3202 1969
48 3202 2039
49 3219 1901
50 3318 1969
51 3202 2055
52 3202 1701
53 3202 1891
54 3202 2069
55 3202 1884
56 3202 1855
57 3202 1905
58 3505 2093
59 3606 2230
60 3202 2027
61 3504 2133
62 3705 2139
63 3707 1903
64 3503 1940
65 3703 2246
66 3703 2409
67 3703 2219
68 3808 2058
69 3808 2447
70 3808 2311
71 3707 2352
72 3703 2279
73 4201 2326
74 3703 1916
75 3707 2147
76 3707 2167
77 3503 1779
78 3604 2050
79 3604 2173
80 3219 1991
81 3714 1987
82 3813 2136
83 3705 1871
84 3501 1737
85 3701 2057
86 3714 2230
87 3905 2189
88 3714 2462
89 3714 2356
90 3813 2285
91 3905 2176
92 3912 2366
93 3912 2311
94 3912 2253
95 3912 2673
96 3912 2522
97 3905 2282
98 4500 2276
99 4500 2396
100 4600 2468
101 4600 2448
102 4600 2243
103 4600 2360
104 4600 2233
105 4600 2360
106 5000 2581
107 5000 2491
108 5001 2517
109 5001 2450
110 4500 2168
111 5100 2142
112 5100 2532
113 5100 2890
114 5100 3016
115 5100 2857
116 5100 3026
117 5100 3177
118 5100 2856
119 5100 3166
120 5100 2836
121 5100 2858
122 5100 3172
123 5100 3601
124 5100 3018
125 5100 3079
126 5100 3126
127 5100 3144
128 5100 3478
129 5100 2839
130 5100 2906
131 5100 3074
132 5100 3241
133 5100 3533
134 5100 2883
135 5100 3316
136 5100 3206
137 5100 3122
138 5100 3209
139 5100 2868
140 5100 3090
141 5100 3637
142 5100 2926
143 5100 2815
144 5100 3319
145 5100 3362
146 5100 2886
147 5100 2817
148 5100 2847
149 5100 3897
150 5100 3641
