#TYPE: sigmoid
#GENERATION SIZE: 50
#MAX GENERATIONS: 80
#INPUTS: 24
#MUTATION PROB: 0.01
#CROSS PROB:0.3
#CROSS_TYPE: means
#MOVES: 40
#HIDDEN LAYER SIZE: 40
0 1100 330
1 900 398
2 1602 427
3 1703 671
4 1703 816
5 1804 845
6 1704 908
7 1704 947
8 1704 823
9 1705 841
10 1703 754
11 1802 832
12 1922 892
13 1903 955
14 1903 808
15 2004 829
16 2004 778
17 2004 939
18 2219 1015
19 2219 1033
20 2219 1035
21 2208 946
22 2120 1073
23 2219 1078
24 2402 1160
25 2417 972
26 2602 1093
27 2602 1007
28 2602 1032
29 2318 910
30 2417 1094
31 2417 1064
32 2417 1139
33 2516 1114
34 2516 1165
35 2813 1325
36 2813 1311
37 2813 1232
38 2813 1161
39 2804 1452
40 3502 1325
41 2912 1324
42 2912 1266
43 2912 1235
44 3506 1262
45 3506 1267
46 3506 1415
47 3605 1387
48 3605 1330
49 3605 1265
50 3902 1235
51 3902 1528
52 3902 1445
53 3902 1521
54 3902 1613
55 3902 1686
56 3902 1466
57 3902 1648
58 3902 1661
59 3902 1519
60 3902 1546
61 3902 1484
62 3902 1635
63 3902 1482
64 3902 1486
65 3902 1602
66 3902 1678
67 3902 1336
68 3902 1528
69 3902 1437
70 3902 1409
71 3902 1611
72 3902 1422
73 3902 1462
74 3902 1477
75 3902 1413
76 3902 1151
77 3902 1354
78 3902 1485
79 3902 1211
80 3902 1146
