#TYPE: sigmoid
#GENERATION SIZE: 50
#MAX GENERATIONS: 80
#INPUTS: 24
#MUTATION PROB: 0.01
#CROSS PROB:0.3
#CROSS_TYPE: weights
#MOVES: 40
#HIDDEN LAYER SIZE: 0
0 700 327
1 932 324
2 932 428
3 1130 493
4 1800 505
5 1800 492
6 1800 597
7 1823 704
8 1823 750
9 2219 815
10 2219 885
11 2104 729
12 2207 865
13 2207 1030
14 2219 958
15 2219 1087
16 2302 993
17 2302 1060
18 2410 1106
19 2410 947
20 2410 1089
21 2410 964
22 2504 1034
23 2605 1062
24 2605 1170
25 2605 968
26 2706 1084
27 2504 895
28 2809 864
29 2809 1033
30 2809 1268
31 2809 1292
32 2809 1431
33 2809 1327
34 2809 1143
35 2912 1259
36 3011 1326
37 3407 1468
38 3407 1417
39 3407 1517
40 3506 1120
41 3506 1466
42 3506 1581
43 3605 1283
44 3605 1474
45 3605 1406
46 3605 1525
47 3605 1427
48 3605 1383
49 3605 1483
50 3605 1605
51 3605 1721
52 3605 1312
53 3605 1069
54 3605 1386
55 3605 1343
56 3605 1317
57 3605 1264
58 3605 1407
59 3605 1348
60 3605 1510
61 3605 1180
62 3605 1539
63 3605 1443
64 3605 1532
65 3605 1512
66 3605 1559
67 3605 1490
68 3605 1333
69 3605 1348
70 3605 1543
71 3605 1346
72 3605 1590
73 3506 1472
74 3506 1185
75 3506 1444
76 3506 1411
77 3506 1346
78 3506 1306
79 3506 1756
80 3506 1608
