#TYPE: sigmoid
#GENERATION SIZE: 50
#MAX GENERATIONS: 80
#INPUTS: 24
#MUTATION PROB: 0.01
#CROSS PROB:0.3
#CROSS_TYPE: means
#MOVES: 40
#HIDDEN LAYER SIZE: 60
0 1031 326
1 1100 364
2 1100 396
3 1130 474
4 1300 641
5 1303 640
6 1328 716
7 1328 739
8 1526 859
9 1602 856
10 1526 873
11 1604 924
12 1604 936
13 1604 867
14 1328 881
15 1526 946
16 1526 900
17 1724 919
18 1724 969
19 1724 1058
20 1922 1058
21 2009 990
22 2304 1141
23 2203 933
24 2102 1161
25 2516 1115
26 2516 1127
27 2615 1049
28 2615 1256
29 2714 1218
30 2714 1127
31 2611 1249
32 2714 1264
33 3011 1274
34 3011 1291
35 3011 1456
36 3011 1376
37 3011 1333
38 3110 1309
39 3011 1370
40 3407 1455
41 3407 1529
42 3407 1689
43 3506 1587
44 3407 1682
45 3506 1752
46 3605 1831
47 3605 1566
48 3605 1639
49 3605 1826
50 3605 1523
51 3605 1631
52 3605 1821
53 3605 1755
54 3704 1634
55 3704 2066
56 3704 1803
57 3803 2116
58 3803 2094
59 3803 2085
60 3803 1723
61 3803 2121
62 3704 1913
63 3803 2160
64 3803 2001
65 3902 1990
66 3803 1852
67 3902 2074
68 3803 2114
69 3803 2229
70 3803 1877
71 3902 2082
72 3902 2109
73 3902 2015
74 3704 2207
75 3704 2095
76 3803 2082
77 3803 2215
78 3803 2006
79 3803 1894
80 3803 2206
