#TYPE: sigmoid
#GENERATION SIZE: 50
#MAX GENERATIONS: 80
#INPUTS: 24
#MUTATION PROB: 0.01
#CROSS PROB:0.3
#CROSS_TYPE: means
#MOVES: 40
#HIDDEN LAYER SIZE: 0
0 734 292
1 902 388
2 1201 524
3 1201 698
4 1922 879
5 1922 959
6 2008 1098
7 2208 1156
8 2417 1182
9 2417 1139
10 2219 1150
11 2219 1037
12 2021 1085
13 2104 1087
14 2206 1027
15 2219 1135
16 2208 1202
17 2207 1224
18 2207 1306
19 2219 1228
20 2714 1286
21 2314 1211
22 2318 1405
23 2308 1380
24 2309 1244
25 2318 1231
26 2516 1362
27 2606 1432
28 2808 1474
29 2813 1357
30 2813 1352
31 2813 1369
32 3011 1358
33 2714 1333
34 2912 1461
35 2714 1481
36 2813 1333
37 2615 1471
38 2912 1360
39 2912 1579
40 2912 1405
41 2912 1525
42 2912 1678
43 2912 1623
44 2912 1482
45 2813 1428
46 2811 1256
47 2714 1418
48 2813 1353
49 2714 1501
50 2912 1558
51 3011 1644
52 3011 1683
53 3011 1647
54 3011 1648
55 2714 1460
56 2912 1536
57 2912 1625
58 3105 1626
59 3105 1591
60 3011 1489
61 3011 1709
62 3011 1663
63 2906 1508
64 3105 1732
65 2912 1604
66 3011 1712
67 3011 1525
68 3011 1585
69 3108 1718
70 3108 1785
71 3110 1831
72 3109 1908
73 3108 1710
74 3108 1731
75 3110 1498
76 3108 1427
77 3110 1728
78 3110 1673
79 3110 1681
80 3308 1694
