#TYPE: sigmoid
#GENERATION SIZE: 60
#MAX GENERATIONS: 150
#INPUTS: 24
#MUTATION PROB: 0.01
#CROSS PROB:0.3
#CROSS_TYPE: weights
#MOVES: 50
#HIDDEN LAYER SIZE: 50
0 800 85
1 1432 362
2 1432 487
3 1432 605
4 1635 742
5 1635 812
6 1635 785
7 1635 885
8 1734 837
9 3021 1019
10 3318 1346
11 3318 1448
12 3813 1213
13 3813 1540
14 3813 1314
15 4506 1747
16 4407 1806
17 4506 1825
18 4506 1918
19 4506 2090
20 4506 1668
21 4506 1972
22 4506 1743
23 4506 1455
24 4506 1838
25 4506 2017
26 4506 1779
27 4506 1613
28 4506 1849
29 4506 1920
30 4506 2146
31 4506 2292
32 4506 2248
33 4506 2353
34 4506 2564
35 4506 2230
36 4605 2489
37 4506 2191
38 4506 2335
39 4506 2287
40 4506 2245
41 4506 2162
42 4506 2387
43 4506 2299
44 4506 2202
45 4506 2065
46 4506 1988
47 4407 1940
48 4704 1963
49 4704 2340
50 4704 2548
51 4704 2620
52 4704 2262
53 4704 2692
54 4704 2620
55 4704 2387
56 4704 2090
57 4704 2460
58 4704 2312
59 4704 2432
60 4704 2529
61 4704 2198
62 4704 2331
63 4704 2471
64 4704 2136
65 4704 2154
66 4704 2059
67 4704 1958
68 4704 2164
69 4704 2136
70 4604 1975
71 4704 1989
72 4704 2045
73 4704 2103
74 4704 2294
75 4704 2413
76 4704 2722
77 4704 2322
78 4704 2375
79 4704 2377
80 4704 2192
81 4704 2070
82 4704 2965
83 4704 2370
84 4704 2316
85 4704 2475
86 4704 2691
87 4704 2363
88 4704 2744
89 4704 2567
90 4704 2954
91 4704 2965
92 4704 2907
93 4704 2754
94 4803 2373
95 4704 2380
96 4704 2406
97 4704 2443
98 4704 2829
99 4704 2507
100 4704 2013
101 4704 2340
102 4704 2572
103 4704 2608
104 4704 2297
105 4704 2609
106 4704 2643
107 4803 2621
108 4803 2749
109 4803 2391
110 4803 2349
111 4803 2187
112 4803 2437
113 4803 2737
114 4803 2497
115 4803 2602
116 4803 2688
117 5001 2577
118 4902 2897
119 5100 2320
120 5100 2678
121 5100 2804
122 5100 3056
123 5100 2531
124 5100 2620
125 5100 2195
126 5100 2211
127 5100 2423
128 5100 2375
129 5100 2459
130 5100 2600
131 5100 2204
132 5100 2339
133 5100 2093
134 5100 2564
135 5100 2863
136 5100 2587
137 5100 2494
138 5100 2900
139 5100 2590
140 5100 2382
141 5100 3088
142 5100 2635
143 5100 2822
144 5100 2324
145 5100 2335
146 5100 2836
147 5100 2619
148 5100 2317
149 5100 2437
150 5100 1996
