gen	nevals	avg #1 count of enemies * 100 | #2 player hp | enemy hp total * 10	std #1 count of enemies * 100 | #2 player hp | enemy hp total * 10	min #1 count of enemies * 100 | #2 player hp | enemy hp total * 10	max #1 count of enemies * 100 | #2 player hp | enemy hp total * 10
0  	300   	[9.96666733e+04 1.33333333e-01 9.96674000e+04]                    	[5.76375688e+03 2.30554886e+00 5.75119164e+03]                    	[  2.   0. 220.]                                                  	[1.e+05 4.e+01 1.e+05]                                            
1  	180   	[9.43334467e+04 2.73333333e+00 9.43463333e+04]                    	[2.31199951e+04 1.23772192e+01 2.30674172e+04]                    	[  2.   0. 210.]                                                  	[100000.    110. 100000.]                                         
2  	166   	[5.73341800e+04 2.53666667e+01 5.74324333e+04]                    	[4.94583172e+04 3.60027622e+01 4.93444252e+04]                    	[  1.   0. 135.]                                                  	[100000.    130. 100000.]                                         
3  	184   	[16001.65666667    80.63333333 16209.7       ]                    	[36659.88253162    44.20330556 36569.09902377]                    	[  1.   0. 135.]                                                  	[100000.    130. 100000.]                                         
4  	197   	[21334.70666667    80.06666667 21499.56666667]                    	[40965.39548612    50.19955732 40879.5553137 ]                    	[  1.   0. 135.]                                                  	[100000.    130. 100000.]                                         
5  	166   	[15334.27         105.26666667 15470.01666667]                    	[36030.45237042    48.67849171 35972.69320262]                    	[  1.   0. 135.]                                                  	[100000.    130. 100000.]                                         
[[2, 0, 1, 7, 6, 8, 3, 0, 0, 8, 4, 9, 9, 4, 8, 1, 5, 2, 4, 1, 4, 8, 2, 5, 3, 7, 1, 5, 5, 0], [2, 0, 1, 7, 6, 8, 3, 0, 0, 8, 4, 3, 1, 4, 8, 7, 1, 0, 1, 5, 3, 3, 1, 0, 9, 7, 4, 1, 0, 4], [2, 0, 1, 7, 6, 8, 3, 0, 0, 8, 4, 9, 9, 4, 8, 1, 5, 2, 4, 1, 4, 7, 9, 5, 1, 7, 4, 1, 0, 4], [2, 0, 1, 7, 6, 8, 3, 0, 0, 8, 4, 3, 1, 3, 7, 4, 1, 0, 1, 3, 3, 8, 9, 5, 1, 7, 4, 1, 0, 4], [2, 0, 1, 7, 6, 8, 3, 0, 0, 8, 4, 3, 1, 3, 5, 4, 5, 0, 1, 5, 3, 3, 1, 0, 9, 7, 4, 1, 0, 4], [2, 0, 1, 7, 6, 8, 3, 0, 0, 8, 4, 3, 1, 3, 7, 4, 1, 0, 1, 3, 3, 7, 9, 5, 1, 7, 4, 1, 0, 4], [2, 0, 1, 7, 6, 8, 3, 0, 0, 8, 4, 9, 9, 4, 8, 1, 5, 2, 4, 1, 4, 8, 2, 5, 3, 7, 1, 2, 5, 0], [2, 0, 1, 7, 6, 8, 3, 0, 0, 8, 4, 3, 1, 3, 5, 4, 1, 0, 9, 3, 3, 7, 9, 5, 3, 7, 4, 1, 0, 4], [2, 0, 1, 7, 6, 8, 3, 0, 0, 8, 4, 3, 1, 3, 5, 4, 1, 0, 1, 5, 3, 3, 1, 0, 9, 7, 4, 1, 0, 4], [2, 0, 1, 7, 6, 8, 3, 0, 0, 8, 4, 3, 1, 3, 5, 4, 1, 0, 1, 3, 3, 7, 9, 5, 1, 7, 4, 1, 0, 4]]
[
(
1
0
0
0
0
0
,
 
0
,
 
1
0
0
0
0
0
)
,
 
(
1
0
0
0
0
0
,
 
0
,
 
1
0
0
0
0
0
)
,
 
(
1
0
0
0
0
0
,
 
0
,
 
1
0
0
0
0
0
)
,
 
(
1
0
0
0
0
0
,
 
0
,
 
1
0
0
0
0
0
)
,
 
(
1
0
0
0
0
0
,
 
0
,
 
1
0
0
0
0
0
)
,
 
(
1
0
0
0
0
0
,
 
0
,
 
1
0
0
0
0
0
)
,
 
(
1
0
0
0
0
0
,
 
0
,
 
1
0
0
0
0
0
)
,
 
(
1
0
0
0
0
0
,
 
0
,
 
1
0
0
0
0
0
)
,
 
(
1
0
0
0
0
0
,
 
0
,
 
1
0
0
0
0
0
)
,
 
(
1
0
0
0
0
0
,
 
0
,
 
1
0
0
0
0
0
)
]