gen	nevals	avg #1 count of enemies * 100 | #2 player hp | enemy hp total * 10	std #1 count of enemies * 100 | #2 player hp | enemy hp total * 10	min #1 count of enemies * 100 | #2 player hp | enemy hp total * 10	max #1 count of enemies * 100 | #2 player hp | enemy hp total * 10
0  	300   	[9.93333333e+08 5.00000000e-01 9.93333334e+09]                    	[8.13770373e+07 6.73918887e+00 8.13770351e+08]                    	[  2.   0. 270.]                                                  	[1.0e+09 1.1e+02 1.0e+10]                                         
1  	166   	[9.56666667e+08 3.26666667e+00 9.56666668e+09]                    	[2.03606374e+08 1.72818466e+01 2.03606368e+09]                    	[  2.   0. 270.]                                                  	[1.0e+09 1.1e+02 1.0e+10]                                         
2  	191   	[5.73333334e+08 3.46666667e+01 5.73333345e+09]                    	[4.94592985e+08 4.66999881e+01 4.94592972e+09]                    	[  2.   0. 180.]                                                  	[1.0e+09 1.1e+02 1.0e+10]                                         
3  	186   	[7.00000019e+07 1.01600000e+02 7.00000249e+08]                    	[2.55147016e+08 2.87304716e+01 2.55147010e+09]                    	[  2.   0. 220.]                                                  	[1.0e+09 1.1e+02 1.0e+10]                                         
4  	174   	[4.66666686e+07 1.03466667e+02 4.66666903e+08]                    	[2.10923893e+08 2.48994422e+01 2.10923888e+09]                    	[  2.   0. 180.]                                                  	[1.0e+09 1.1e+02 1.0e+10]                                         
5  	181   	[7.33333352e+07 1.00300000e+02 7.33333543e+08]                    	[2.60682863e+08 3.01260131e+01 2.60682858e+09]                    	[  2.   0. 170.]                                                  	[1.0e+09 1.1e+02 1.0e+10]                                         
6  	184   	[3.33333353e+07 1.05633333e+02 3.33333546e+08]                    	[1.79505493e+08 2.08150320e+01 1.79505490e+09]                    	[  2.   0. 170.]                                                  	[1.0e+09 1.1e+02 1.0e+10]                                         
7  	181   	[8.33333352e+07 1.00133333e+02 8.33333536e+08]                    	[2.76385399e+08 3.09835799e+01 2.76385393e+09]                    	[  2.   0. 170.]                                                  	[1.0e+09 1.1e+02 1.0e+10]                                         
8  	194   	[5.66666686e+07 1.03066667e+02 5.66666874e+08]                    	[2.31204575e+08 2.62029684e+01 2.31204570e+09]                    	[  2.   0. 170.]                                                  	[1.0e+09 1.1e+02 1.0e+10]                                         
9  	179   	[5.00000019e+07 1.04033333e+02 5.00000210e+08]                    	[2.17944947e+08 2.45370242e+01 2.17944942e+09]                    	[  2.   0. 170.]                                                  	[1.0e+09 1.1e+02 1.0e+10]                                         
10 	176   	[5.33333352e+07 1.02500000e+02 5.33333541e+08]                    	[2.24697327e+08 2.65220034e+01 2.24697322e+09]                    	[  2.   0. 170.]                                                  	[1.0e+09 1.1e+02 1.0e+10]                                         
[[5, 3, 3, 2, 6, 8, 3, 1, 3, 7, 4, 1, 6, 7, 8, 8, 8, 0, 9, 1, 5, 1, 1, 0, 0, 9, 3, 8, 8, 0], [5, 3, 3, 2, 6, 8, 3, 1, 7, 7, 4, 1, 6, 5, 8, 8, 8, 0, 9, 1, 5, 1, 8, 3, 0, 8, 3, 8, 8, 0], [5, 3, 3, 2, 6, 8, 3, 1, 8, 7, 4, 1, 6, 7, 8, 8, 8, 0, 9, 1, 5, 1, 1, 3, 0, 8, 3, 8, 8, 0], [5, 3, 3, 2, 6, 8, 3, 1, 7, 7, 4, 1, 6, 7, 8, 8, 8, 0, 9, 1, 5, 1, 1, 3, 8, 8, 1, 8, 8, 0], [5, 3, 3, 2, 6, 8, 3, 1, 7, 7, 4, 1, 6, 7, 8, 8, 8, 0, 9, 1, 5, 1, 1, 3, 0, 8, 3, 8, 8, 0]]
[(2.0, 110.0, 220.0), (2.0, 110.0, 220.0), (2.0, 110.0, 220.0), (2.0, 110.0, 220.0), (2.0, 110.0, 220.0)]