gen	nevals	avg #1 count of enemies * 100 | #2 player hp | enemy hp total * 10	std #1 count of enemies * 100 | #2 player hp | enemy hp total * 10	min #1 count of enemies * 100 | #2 player hp | enemy hp total * 10	max #1 count of enemies * 100 | #2 player hp | enemy hp total * 10
0  	300   	[9.83333700e+04 6.66666667e-01 9.83381000e+04]                    	[1.28016279e+04 5.12076383e+00 1.27652964e+04]                    	[  2.   0. 260.]                                                  	[1.e+05 4.e+01 1.e+05]                                            
1  	174   	[8.33337e+04 7.60000e+00 8.33811e+04]                             	[3.72669797e+04 1.86790435e+01 3.71609921e+04]                    	[  2.   0. 220.]                                                  	[100000.    110. 100000.]                                         
2  	156   	[20668.29666667    45.7        20890.7       ]                    	[4.04905938e+04 3.59514951e+01 4.03770919e+04]                    	[  2.   0. 210.]                                                  	[100000.    110. 100000.]                                         
3  	195   	[9335.16         87.66666667 9608.43333333]                       	[29089.31289668    38.49530996 29001.6463075 ]                    	[  2.   0. 210.]                                                  	[100000.    110. 100000.]                                         
4  	172   	[8001.84333333   94.43333333 8268.83333333]                       	[27128.77636322    34.63156877 27050.05335125]                    	[  2.   0. 220.]                                                  	[100000.    110. 100000.]                                         
5  	178   	[18001.64333333    85.53333333 18209.8       ]                    	[38417.97548799    43.65831981 38320.45739932]                    	[  2.   0. 210.]                                                  	[100000.    110. 100000.]                                         
6  	182   	[7668.51333333  100.63333333 7871.73333333]                       	[26605.64928012    30.08763127 26547.09235168]                    	[  2.   0. 220.]                                                  	[100000.    110. 100000.]                                         
7  	186   	[4335.25666667  104.06666667 4544.6       ]                       	[20360.22806464    23.89132804 20315.67467515]                    	[  2.   0. 220.]                                                  	[100000.    110. 100000.]                                         
8  	181   	[6668.54333333  101.86666667 6872.8       ]                       	[24943.88101843    28.39921752 24889.29190422]                    	[  2.   0. 220.]                                                  	[100000.    110. 100000.]                                         
9  	197   	[6668.54333333  101.03333333 6872.8       ]                       	[24943.88101843    28.99308347 24889.29222564]                    	[  2.   0. 170.]                                                  	[100000.    110. 100000.]                                         
10 	172   	[7001.86666667  100.8        7205.56666667]                       	[25514.18952143    29.62026333 25458.30501059]                    	[  2.   0. 220.]                                                  	[100000.    110. 100000.]                                         
11 	167   	[5335.23        103.66666667 5542.83333333]                       	[22469.2825427     25.25646232 22420.00767853]                    	[  2.   0. 220.]                                                  	[100000.    110. 100000.]                                         
12 	184   	[6335.21        101.16666667 6539.7       ]                       	[24355.66569307    28.61769072 24302.49241491]                    	[  2.   0. 220.]                                                  	[100000.    110. 100000.]                                         
13 	153   	[6668.54        100.56666667 6872.86666667]                       	[24943.88190923    29.40542278 24889.27466029]                    	[  2.   0. 170.]                                                  	[100000.    110. 100000.]                                         
14 	163   	[5668.55666667  102.36666667 5874.46666667]                       	[23119.99428576    26.9332302  23069.52802686]                    	[  2.   0. 170.]                                                  	[100000.    110. 100000.]                                         
15 	180   	[8001.85         98.86666667 8203.36666667]                       	[27128.77439745    31.73928516 27069.35154375]                    	[  2.   0. 170.]                                                  	[100000.    110. 100000.]                                         
16 	198   	[9335.15333333   98.7        9534.03333333]                       	[29089.31503553    32.92380091 29025.50670357]                    	[  2.   0. 220.]                                                  	[100000.    110. 100000.]                                         
17 	178   	[8001.84        100.26666667 8203.76666667]                       	[27128.7773461     30.63650691 27069.23342368]                    	[  2.   0. 220.]                                                  	[100000.    110. 100000.]                                         
18 	213   	[8668.5          98.83333333 8868.46666667]                       	[28134.03238257    32.22274904 28072.43489586]                    	[  2.   0. 220.]                                                  	[100000.    110. 100000.]                                         
19 	171   	[6001.88333333  102.93333333 6207.96666667]                       	[23748.20835831    26.62196253 23696.14337536]                    	[  2.   0. 220.]                                                  	[100000.    110. 100000.]                                         
20 	193   	[7668.51666667  100.53333333 7870.26666667]                       	[26605.64831967    30.33780187 26547.51437069]                    	[  2.   0. 170.]                                                  	[100000.    110. 100000.]                                         
21 	170   	[6001.88        101.76666667 6207.23333333]                       	[23748.20920039    27.79470373 23696.32904085]                    	[  2.   0. 170.]                                                  	[100000.    110. 100000.]                                         
22 	187   	[5335.23666667  102.63333333 5543.06666667]                       	[22469.28096062    26.57189409 22419.95320978]                    	[  2.   0. 220.]                                                  	[100000.    110. 100000.]                                         
23 	175   	[7001.86333333  101.36666667 7205.16666667]                       	[25514.19043587    28.94475581 25458.41496059]                    	[  2.   0. 170.]                                                  	[100000.    110. 100000.]                                         
24 	179   	[8668.5          98.83333333 8867.9       ]                       	[28134.03238257    32.22274904 28072.60949615]                    	[  2.   0. 170.]                                                  	[100000.    110. 100000.]                                         
25 	186   	[7335.19666667  100.3        7538.56666667]                       	[26067.76221603    30.12601312 26010.55345327]                    	[  2.   0. 170.]                                                  	[100000.    110. 100000.]                                         
26 	187   	[9001.83         98.46666667 9201.3       ]                       	[28617.60053431    32.71567752 28554.8710143 ]                    	[  2.   0. 220.]                                                  	[100000.    110. 100000.]                                         
27 	156   	[10335.13          97.83333333 10530.96666667]                    	[30438.76516582    34.18048501 30372.28427474]                    	[  2.   0. 220.]                                                  	[100000.    110. 100000.]                                         
28 	157   	[6335.21333333  100.93333333 6540.26666667]                       	[24355.66482637    28.82930608 24302.34555063]                    	[  2.   0. 220.]                                                  	[100000.    110. 100000.]                                         
29 	171   	[7668.51666667   99.83333333 7869.66666667]                       	[26605.64831967    30.91340953 26547.68707858]                    	[  2.   0. 170.]                                                  	[100000.    110. 100000.]                                         
30 	203   	[7668.53        100.86666667 7871.        ]                       	[26605.64447786    29.88726968 26547.30333449]                    	[  2.   0. 170.]                                                  	[100000.    110. 100000.]                                         
[[2, 5, 1, 7, 2, 5, 3, 4, 3, 3, 8, 8, 7, 8, 6, 7, 2, 3, 1, 5, 4, 3, 2, 3, 2, 1, 0, 9, 7, 2], [2, 5, 1, 7, 3, 2, 3, 4, 3, 3, 7, 8, 7, 8, 6, 7, 2, 3, 1, 5, 4, 3, 2, 3, 2, 5, 0, 9, 2, 2], [2, 5, 1, 7, 2, 5, 3, 4, 3, 3, 8, 8, 8, 8, 6, 7, 2, 3, 1, 5, 4, 3, 2, 3, 2, 5, 0, 9, 7, 2], [2, 5, 1, 7, 3, 2, 3, 4, 3, 3, 8, 8, 7, 8, 6, 7, 2, 3, 1, 5, 4, 3, 2, 3, 2, 5, 0, 9, 7, 2], [2, 5, 1, 7, 2, 5, 3, 4, 3, 3, 8, 8, 7, 8, 6, 7, 2, 3, 1, 5, 4, 3, 2, 3, 2, 5, 0, 9, 7, 2]]
[
(
1
0
0
0
0
0
,
 
0
,
 
1
0
0
0
0
0
)
,
 
(
1
0
0
0
0
0
,
 
0
,
 
1
0
0
0
0
0
)
,
 
(
1
0
0
0
0
0
,
 
0
,
 
1
0
0
0
0
0
)
,
 
(
1
0
0
0
0
0
,
 
0
,
 
1
0
0
0
0
0
)
,
 
(
1
0
0
0
0
0
,
 
0
,
 
1
0
0
0
0
0
)
]