gen	nevals	avg #1 count of enemies * 100 | #2 player hp | enemy hp total * 10	std #1 count of enemies * 100 | #2 player hp | enemy hp total * 10	min #1 count of enemies * 100 | #2 player hp | enemy hp total * 10	max #1 count of enemies * 100 | #2 player hp | enemy hp total * 10
0  	300   	[9.83333633e+04 1.90000000e+00 9.83380167e+04]                    	[12801.67914551    14.63067554 12765.93847509]                    	[  1.   0. 175.]                                                  	[100000.    130. 100000.]                                         
1  	201   	[8.50002967e+04 1.53666667e+01 8.50450000e+04]                    	[35706.43593512    37.85321064 35600.02573033]                    	[  1.   0. 175.]                                                  	[100000.    130. 100000.]                                         
2  	187   	[28668.07333333    72.06666667 28872.65      ]                    	[45219.55595648    51.10507694 45089.88573831]                    	[  1.   0. 175.]                                                  	[100000.    130. 100000.]                                         
3  	175   	[44334.21          63.93333333 44461.21666667]                    	[49677.06873954    59.35651233 49563.74061183]                    	[  1.   0. 175.]                                                  	[100000.    130. 100000.]                                         
4  	181   	[6.03337333e+04 5.15000000e+01 6.04030667e+04]                    	[48920.07722605    63.52492949 48834.56930729]                    	[  1.   0. 175.]                                                  	[100000.    130. 100000.]                                         
[[8, 3, 5, 3, 3, 8, 2, 7, 9, 0, 5, 2, 9, 7, 3, 5, 1, 2, 1, 6, 8, 3, 6, 7, 2, 0, 7, 6, 5, 6], [0, 2, 0, 4, 7, 3, 8, 1, 9, 2, 9, 9, 2, 9, 9, 5, 6, 2, 2, 7, 9, 0, 9, 7, 1, 7, 3, 7, 7, 8], [0, 2, 3, 4, 7, 3, 8, 1, 9, 2, 3, 9, 2, 9, 9, 5, 6, 2, 2, 7, 9, 0, 9, 7, 1, 7, 3, 7, 7, 1], [0, 2, 3, 4, 7, 3, 8, 1, 9, 2, 9, 9, 2, 9, 9, 5, 6, 2, 2, 7, 9, 0, 9, 7, 1, 7, 3, 0, 7, 8], [0, 2, 3, 4, 7, 3, 8, 1, 9, 2, 9, 9, 2, 9, 9, 5, 6, 2, 2, 7, 9, 0, 9, 7, 1, 7, 3, 7, 7, 8]]
[
(
1
,
 
1
3
0
,
 
1
7
5
)
,
 
(
2
,
 
1
1
0
,
 
2
7
0
)
,
 
(
2
,
 
1
1
0
,
 
2
7
0
)
,
 
(
2
,
 
1
1
0
,
 
2
7
0
)
,
 
(
2
,
 
1
1
0
,
 
2
7
0
)
]